 <pre>

 Contingency table for Rh2m (%)
 Selection: ALL   1061 stations
Period: 20230114-20230214
Used {00,03,...,21} + 00 01 ... 36
 Limits    30.0000000       50.0000000       65.0000000       75.0000000       85.0000000       95.0000000       100.000000    
 Each class is data <= limit, the very last > last limit
 Total number of values     1923782
                                              OBSERVATION
                                    101       62       15        7       14        5        0        0 |       204
                                   1255     3626     3108     2063     2439      860       38        0 |     13389
                                    204     6694    28120    18897    15940    10628     1150        0 |     81633
                          e411       20     2000    30393    63615    54947    31694     5049        0 |    187718
                                      1      806    16671    76966   202757   171727    26474        0 |    495402
                                      0      168     4157    27596   161951   491126   168542        0 |    853540
                                      0       18      290     1869    13166    97550   178896        0 |    291789
                                      0        0        0        0        4       43       60        0 |       107

                    SUM            1581    13374    82754   191013   451218   803633   380209        0 |   1923782
                                              OBSERVATION
                                    111       70       18        6       13        5        0        0 |       223
                                   1240     3586     3016     1817     2171      779       38        0 |     12647
                                    200     6574    26985    17663    14631     9519      983        0 |     76555
                          e421       25     2084    30613    61349    51558    28766     4471        0 |    178866
                                      5      863    17322    78654   199167   163866    24502        0 |    484379
                                      0      180     4489    29519   169672   498040   165265        0 |    867165
                                      0       17      311     2005    14001   102626   184885        0 |    303845
                                      0        0        0        0        5       32       65        0 |       102

                    SUM            1581    13374    82754   191013   451218   803633   380209        0 |   1923782

