 <pre>

 Contingency table for Cloud cover (octas)
 Selection: ALL    596 stations
Period: 20230114-20230117
Used {00,03,...,21} + 01 02 ... 36
 Limits   0.500000000       1.50000000       2.50000000       3.50000000       4.50000000       5.50000000       6.50000000       7.50000000    
 Each class is data <= limit, the very last > last limit
 Total number of values      102605
                                                       OBSERVATION
                                   2687      678      539      479      406      478      404     1069     1225 |      7965
                                    423      141       99      113      118      159      174      526      571 |      2324
                                    292       73       49       67       71       75      103      336      429 |      1495
                                    243       55       61       69       51       68       65      304      403 |      1319
                          e411      266       68       50       54       51       58       70      254      362 |      1233
                                    246       73       53       64       64       77       84      271      412 |      1344
                                    349       78       63       81       74       90      107      421      588 |      1851
                                    567      164      102      123      112      130      167      668     1046 |      3079
                                   2893     1075      647      934      945     1637     1980    15354    56530 |     81995

                    SUM            7966     2405     1663     1984     1892     2772     3154    19203    61566 |    102605
                                                       OBSERVATION
                                   2562      650      523      445      363      471      396      998     1148 |      7556
                                    440      151      111      122       97      125      158      458      487 |      2149
                                    343       68       45       73       84       61      107      282      421 |      1484
                                    252       60       52       52       58       68       82      257      345 |      1226
                          e421      262       62       53       57       46       48       64      248      357 |      1197
                                    274       68       38       66       56       67       86      283      416 |      1354
                                    332       78       62       78       81       95      106      377      625 |      1834
                                    561      140      125      135      126      157      165      663     1036 |      3108
                                   2940     1128      654      956      981     1680     1990    15637    56731 |     82697

                    SUM            7966     2405     1663     1984     1892     2772     3154    19203    61566 |    102605

