 <pre>

 Contingency table for Cloud cover (octas)
 Selection: ALL    602 stations
Period: 20230114-20230214
Used {00,03,...,21} + 01 02 ... 36
 Limits   0.500000000       1.50000000       2.50000000       3.50000000       4.50000000       5.50000000       6.50000000       7.50000000    
 Each class is data <= limit, the very last > last limit
 Total number of values      839810
                                                       OBSERVATION
                                  79582     8067     5101     4229     3136     3742     3946     9150    26377 |    143330
                                   8528     1431     1034      998      826     1066     1278     3496     7809 |     26466
                                   4948      815      637      606      508      633      851     2186     4909 |     16093
                                   3954      729      509      538      415      533      682     1779     4187 |     13326
                          e411     3599      663      490      468      395      521      655     1851     4075 |     12717
                                   3768      710      518      526      437      570      708     1968     4675 |     13880
                                   5088      947      672      726      551      753      991     2761     6739 |     19228
                                   7879     1457      982     1101      916     1236     1578     4950    12064 |     32163
                                  38435     9624     6196     7802     6387    10621    13537    84301   385704 |    562607

                    SUM          155781    24443    16139    16994    13571    19675    24226   112442   456539 |    839810
                                                       OBSERVATION
                                  78758     7828     4945     4057     2974     3586     3671     8364    23432 |    137615
                                   8502     1431     1043      975      817     1023     1227     3302     7300 |     25620
                                   4968      806      591      632      514      600      846     2031     4724 |     15712
                                   3874      698      521      500      418      569      685     1771     3894 |     12930
                          e421     3633      704      488      472      393      486      695     1714     3861 |     12446
                                   3748      709      506      515      459      582      772     1922     4498 |     13711
                                   5131      957      668      714      544      746      908     2667     6292 |     18627
                                   8022     1439     1025     1113      891     1265     1527     4701    11607 |     31590
                                  39145     9871     6352     8016     6561    10818    13895    85970   390931 |    571559

                    SUM          155781    24443    16139    16994    13571    19675    24226   112442   456539 |    839810

