 <pre>

 Contingency table for Visibility (m)
 Selection: ALL    704 stations
Period: 20230114-20230117
Used {00,03,...,21} + 00 01 ... 36
 Limits    1000.00000       5000.00000       10000.0000       20000.0000    
 Each class is data <= limit, the very last > last limit
 Total number of values      145875
                                     OBSERVATION
                                    653     1220      483      342      223 |      2921
                                   1266    10673     7204     8939     6004 |     34086
                          e411      168     2311     3854    10774    17176 |     34283
                                    141     1273     3323     8428    26465 |     39630
                                    206     1434     3175     9577    20563 |     34955

                    SUM            2434    16911    18039    38060    70431 |    145875
                                     OBSERVATION
                                    666     1262      488      344      237 |      2997
                                   1257    10690     7208     9032     6139 |     34326
                          e421      172     2278     4011    10878    17558 |     34897
                                    143     1259     3276     8252    26101 |     39031
                                    196     1422     3056     9554    20396 |     34624

                    SUM            2434    16911    18039    38060    70431 |    145875

