 <pre>

 Contingency table for Visibility (m)
 Selection: ALL    714 stations
Period: 20230114-20230214
Used {00,03,...,21} + 00 01 ... 36
 Limits    1000.00000       5000.00000       10000.0000       20000.0000    
 Each class is data <= limit, the very last > last limit
 Total number of values     1173750
                                     OBSERVATION
                                   9078    12139     5616     4854     3219 |     34906
                                  11404    59160    42600    51808    48226 |    213198
                          e411     4406    27095    41695    86977   122858 |    283031
                                   2019    12212    27837    82930   207988 |    332986
                                   2663    12708    26473    78256   189529 |    309629

                    SUM           29570   123314   144221   304825   571820 |   1173750
                                     OBSERVATION
                                   9381    12842     5852     5035     3652 |     36762
                                  11542    59844    43600    53651    50336 |    218973
                          e421     4230    26576    41624    88041   125498 |    285969
                                   1869    11602    27131    81197   205381 |    327180
                                   2548    12450    26014    76901   186953 |    304866

                    SUM           29570   123314   144221   304825   571820 |   1173750

