 <pre>

 Contingency table for U10m (m/s)
 Selection: ALL   1011 stations
Period: 20230114-20230214
Used {00,03,...,21} + 00 01 ... 36
 Limits    1.50000000       3.29999995       5.50000000       8.00000000       10.8000002       13.8999996       24.5000000    
 Each class is data <= limit, the very last > last limit
 Total number of values     1826882
                                              OBSERVATION
                                 164878    54690     7643     1358      235       20        2        0 |    228826
                                 172384   260561    69063     9108     2376      373       30        0 |    513895
                                  31282   172677   213605    63687     8308     2272      166        1 |    491998
                          e411     4054    27154   105102   129895    41053     6436     1056        0 |    314750
                                    643     3270    14710    51313    65785    27545     4005        2 |    167273
                                     54      469     1775     6442    18779    32398    15461        3 |     75381
                                      5       21       94      606     2233     7920    23560      261 |     34700
                                      0        0        0        0        0        1       38       20 |        59

                    SUM          373300   518842   411992   262409   138769    76965    44318      287 |   1826882
                                              OBSERVATION
                                 164507    54448     7510     1344      235       24        2        0 |    228070
                                 172867   260161    68506     9118     2411      387       30        0 |    513480
                                  31236   173338   213943    63605     8269     2291      169        1 |    492852
                          e421     3986    27236   105635   130689    41752     6476     1060        0 |    316834
                                    648     3156    14553    50694    65708    28084     4147        2 |    166992
                                     52      475     1747     6349    18153    31789    15215        3 |     73783
                                      4       28       98      610     2241     7914    23660      260 |     34815
                                      0        0        0        0        0        0       35       21 |        56

                    SUM          373300   518842   411992   262409   138769    76965    44318      287 |   1826882

