 <pre>

 Contingency table for Visibility (m)
 Selection: ALL    706 stations
Period: 20230114-20230124
Used {00,03,...,21} + 00 01 ... 36
 Limits    1000.00000       5000.00000       10000.0000       20000.0000    
 Each class is data <= limit, the very last > last limit
 Total number of values      382289
                                     OBSERVATION
                                   2755     3401     1574     1349      894 |      9973
                                   4072    20746    15409    17458    13288 |     70973
                          e411     1899     9856    14594    30939    42624 |     99912
                                   1095     4757     9091    24141    63708 |    102792
                                   1217     4727     8896    23911    59888 |     98639

                    SUM           11038    43487    49564    97798   180402 |    382289
                                     OBSERVATION
                                   2945     3660     1715     1407     1095 |     10822
                                   4186    21096    15817    18104    14076 |     73279
                          e421     1804     9663    14670    31148    43295 |    100580
                                    963     4462     8735    23605    62836 |    100601
                                   1140     4606     8627    23534    59100 |     97007

                    SUM           11038    43487    49564    97798   180402 |    382289

