 <pre>

 Contingency table for Cloud cover (octas)
 Selection: ALL    598 stations
Period: 20230114-20230124
Used {00,03,...,21} + 01 02 ... 36
 Limits   0.500000000       1.50000000       2.50000000       3.50000000       4.50000000       5.50000000       6.50000000       7.50000000    
 Each class is data <= limit, the very last > last limit
 Total number of values      272037
                                                       OBSERVATION
                                  15495     2039     1326     1229      954     1131     1097     3182    12813 |     39266
                                   1655      351      271      278      256      339      341     1239     2785 |      7515
                                    962      196      151      177      147      188      238      726     1702 |      4487
                                    805      158      138      156       97      171      185      619     1505 |      3834
                          e411      753      182      147      129      120      159      178      641     1444 |      3753
                                    777      186      134      145      134      186      198      674     1692 |      4126
                                    975      227      169      190      161      205      272      961     2399 |      5559
                                   1518      365      247      291      239      336      420     1611     4239 |      9266
                                   7794     2385     1549     2071     1862     3186     3870    28806   142708 |    194231

                    SUM           30734     6089     4132     4666     3970     5901     6799    38459   171287 |    272037
                                                       OBSERVATION
                                  15017     1900     1278     1122      870     1088      990     2802    10954 |     36021
                                   1658      367      272      271      227      287      323     1093     2546 |      7044
                                    978      196      131      169      156      160      234      645     1608 |      4277
                                    756      171      140      141      116      175      189      595     1318 |      3601
                          e421      766      178      135      144       96      141      175      543     1312 |      3490
                                    814      182      122      140      131      185      193      608     1519 |      3894
                                   1005      215      165      179      176      206      248      935     2208 |      5337
                                   1516      347      283      299      267      365      388     1504     4079 |      9048
                                   8224     2533     1606     2201     1931     3294     4059    29734   145743 |    199325

                    SUM           30734     6089     4132     4666     3970     5901     6799    38459   171287 |    272037

