 <pre>

 Contingency table for Rh2m (%)
 Selection: ALL   1057 stations
Period: 20230114-20230124
Used {00,03,...,21} + 00 01 ... 36
 Limits    30.0000000       50.0000000       65.0000000       75.0000000       85.0000000       95.0000000       100.000000    
 Each class is data <= limit, the very last > last limit
 Total number of values      632842
                                              OBSERVATION
                                     74       54       15       11       15        6        0        0 |       175
                                   1017     2103     1787     1463     2055      627       32        0 |      9084
                                     83     1666     8172     6336     7045     5698      585        0 |     29585
                          e411       10      409     6300    16265    14515    11268     2005        0 |     50772
                                      1      140     2851    18129    57356    56527    11069        0 |    146073
                                      0       38      647     4535    41861   180869    74792        0 |    302742
                                      0        4       55      229     2569    29044    62444        0 |     94345
                                      0        0        0        0        4       35       27        0 |        66

                    SUM            1185     4414    19827    46968   125420   284074   150954        0 |    632842
                                              OBSERVATION
                                     86       60       18        7       18        7        0        0 |       196
                                    999     2054     1790     1290     1845      547       30        0 |      8555
                                     80     1653     7802     6024     6412     5171      509        0 |     27651
                          e421       16      426     6329    15510    13422     9827     1694        0 |     47224
                                      4      170     3105    18887    56945    54119     9864        0 |    143094
                                      0       50      723     5009    44035   183709    73622        0 |    307148
                                      0        1       60      241     2739    30670    65206        0 |     98917
                                      0        0        0        0        4       24       29        0 |        57

                    SUM            1185     4414    19827    46968   125420   284074   150954        0 |    632842

